This file contains a lot of random numbers.

25
5
5
5
5
5
5
5
5
5
5
5
5
5
5
5
5
5
5
5
5
5
5
5
5
5
5
5
5
5
5
5
5
5
5
5
5
5
5
5
5
5
5
5
5
5
5
5
5
5
5
5
5
5
5
5
5
5
5
5
5
5
5
5
5
5
5
5
5
5
5
5
5
5
5
5
5
5
5
5
5
5
5
5
5
5
5
5
5
5
5
5
5
5
5
5
5
5
5
5
5
8
21
17
23
27
6
30
10
7
28
27
27
5
27
12
2
11
30
11
1
3
20
23
4
32
10
25
1
7
22
21
16
12
22
14
26
0
22
1
9
18
19
7
17
20
8
19
22
11
7
27
15
4
23
12
13
13
22
27
0
10
26
28
26
10
27
5
25
11
28
16
17
7
28
20
0
28
16
5
29
27
9
11
24
20
9
31
29
19
24
23
27
3
20
29
26
24
15
2
30